%YAML:1.0
---
model_type: PINHOLE
camera_name: camera
image_width: 848
image_height: 480
distortion_parameters:
   k1: 0.0
   k2: 0.0
   p1: 0.0
   p2: 0.0
projection_parameters:
   fx: 424.66302490234375
   fy: 424.66302490234375
   cx: 420.0606994628906
   cy: 239.21710205078125
